Course	Room	Teacher	Time	Students
1	ESTW307	330	57	1 213 273 335 392 595 648 687 758 871 999 1075
2	SHAAUD	153	7	1 48 115 127 176 181 312 333 416 468 474 510 525 599 659 679 951 961 975 1022 1128 1185
3	STOAUD	105	51	14 20 22 48 101 129 203 238 446 502 574 598 602 872 928 947 999 1023 1040 1131 1132 1155
4	STOAUD	88	39	1 4 6 11 17 20 34 35 68 188 199 204 205 206 212 215 225 226 229 233 251 252 280 285 293 296 302 324 336 357 363 380 386 387 405 413 441 443 453 454 461 467 481 495 499 500 502 520 527 554 573 588 590 594 608 613 614 618 622 625 647 649 656 678 684 693 700 702 713 731 734 738 740 745 747 754 759 766 771 792 801 829 851 861 877 888 912 933 939 942 957
5	SHAAUD	137	1	1 47 68 81 202 227 268 423 456 599 695 701 704 736 806 813 884 926 927 937 940 1073 1120 1122
6	STOAUD	67	35	2 15 85 91 144 414 438 487 602 745 776 823 898 1058
7	STOAUD	44	24	2 10 139 165 192 209 213 290 398 438 542 591 594 602 635 767 792 915 954 1002 1026 1049 1076 1088 1113 1136
8	STOAUD	230	26	44 53 65 121 129 173 265 268 273 290 320 330 416 417 486 782 789 827 872 1014 1024 1108 1122 1137 1167 1171
9	STOAUD	26	50	2 695 956
10	STOAUD	218	29	3 116 191 312 387 762 782 801 872 1132 1150 1156
11	ESTW307	254	46	3 7 12 70 184 232 288 372 414 428 445 471 554 555 684 694 711 714 783 824 905 912 1066 1069 1073 1080 1166
12	SHAAUD	77	47	3 4 7 9 11 13 16 35 43 47 158 181 204 206 214 226 233 255 285 288 296 304 313 377 380 398 408 443 451 463 467 468 481 489 527 531 536 554 583 584 585 588 591 624 626 642 673 689 693 732 734 753 754 776 813 829 851 926 927 981 1001 1008 1010 1022 1026 1028 1042 1066 1114 1116 1132 1162 1173
13	STOAUD	188	4	4 19 22 49 122 124 133 179 209 222 254 403 409 469 485 603 626 817 830 855 910 935 987 1013 1074 1093 1134
14	STOAUD	4	40	6 11 16 19 26 44 80 81 85 88 96 111 175 182 278 413 454 457 479 499 538 568 574 584 598 638 652 653 716 730 750 752 765 766 767 823 891 977 990 1017 1023 1025 1037 1080 1092 1116 1161 1165 1170
15	SHAAUD	22	10	4 9 13 17 37 90 111 125 127 141 184 215 275 280 359 423 425 447 507 508 592 631 637 687 698 752 756 777 813 847 885 891 894 895 912 975 1046 1069 1113 1165 1184
16	STOAUD	33	15	5 22 38 66 78 106 139 170 180 196 236 250 324 336 364 408 411 441 447 483 495 592 700 728 750 752 759 766 777 895 905 957 960 1017 1060 1069 1079 1103 1104 1120 1125 1162 1170 1175 1183
17	STOAUD	56	6	5 22 38 66 170 414 447 592 728 766 895 1017 1103 1120 1162 1175 1183
18	STOAUD	39	8	5 19 34 38 39 68 110 116 139 162 165 174 210 229 318 342 364 368 386 403 413 453 455 461 467 481 500 520 585 613 669 678 679 738 740 750 776 820 836 939 957 992 1025 1026 1028 1031 1039 1057 1058 1064 1092 1120 1139
19	SHAAUD	134	5	5 24 51 297 302 364 381 393 399 455 606 608 715 735 738 746 800 853 877 960 973 974 1039 1091
20	STOAUD	168	30	7 8 65 69 127 130 133 147 182 212 224 389 503 536 558 625 644 686 722 827 839 936
21	SHAAUD	180	31	6 24 109 152 222 225 259 298 347 370 388 431 445 484 496 500 511 517 537 555 604 608 664 710 746 824 908 929 971 1005 1047 1111
22	STOAUD	27	11	63 96 109 393 511 569 586 587 697 773 908 968 1047 1157
23	SHAAUD	188	6	6 70 336 416 419 885 920 965 1034
24	SHA410	30	6	49 221 233 263 310 342 534 636 657 676 684 686 725 823 939 1070 1128 1153
25	SHA410	71	43	16 237 315 367 438 544 655 859 860 941 982 1094
26	STOAUD	85	21	75 204 544 676 889
27	STOAUD	202	46	303 426 720 1051 1071 1078
28	SHA410	272	25	25 104 181 197 249 254 302 363 420 428 455 498 520 542 546 629 650 699 741 758 787 806 864 874 911 960 966 996 1114 1161
29	SHA410	145	22	12 26 35 154 170 258 282 318 335 380 385 436 537 647 656 662 716 759 767 823 861 933 978 981 1010 1037 1060 1079 1103 1125 1127 1128 1177
30	STOAUD	261	14	32 739 828 1002
31	STOAUD	196	1	52 57 131 135 163 185 214 304 313 338 354 371 378 429 482 548 562 563 660 674 694 706 715 783 791 853 868 898 999 1015 1022 1097 1098 1155 1181
32	SHA410	178	30	34 78 80 116 262 282 312 447 449 627 737 787 804 989 991
33	STOAUD	212	56	76 121 249 326 348 716 724 782 951 1037 1042
34	STOAUD	116	48	8 10 43 76 202 363 456 549 606 635 721 722 723 724 775 787 793 1044 1094
35	ESTW307	261	16	8 77 185 258 321 357 372 383 422 712 861 950 958 990 1063 1107
36	STOAUD	62	52	33 41 102 126 137 241 303 321 379 383 384 401 565 580 593 701 712 858 864 909 997 1107 1145
37	STOAUD	54	54	9 35 43 44 47 127 170 190 210 253 290 467 495 542 584 609 614 638 647 656 662 861 891 924 1022 1053 1092 1161 1162 1183
38	STOAUD	257	16	9 114 483 518 558 779 806 821 922 1031 1139 1149 1155
39	STOAUD	238	5	9 93 114 168 207 223 276 367 406 444 557 620 709 771 821 841 849 1052 1111 1139 1161 1164
40	SHAAUD	276	8	419 425 803 1040
41	SHAAUD	259	42	10 39 72 86 174 227 246 401 412 510 717 718 868 984 1109 1115
42	SHAAUD	318	28	10 11 18 36 79 169 199 224 270 306 337 377 413 527 580 724 750 793 801 824 992 1024 1031 1064 1129 1136
43	SHAAUD	4	48	89 100 155 161 166 192 203 239 243 277 296 357 415 623 638 659 670 704 705 807 843 846 961 1042 1074 1080 1163
44	STOAUD	134	18	94 254 340 341 370 447 448 486 503 527 614 630 726 919 934 950 1016
45	STOAUD	266	27	12 26 39 70 87 174 188 199 236 252 258 326 335 381 403 421 423 470 523 524 534 540 543 587 602 609 624 626 631 633 654 662 678 779 867 885 901 973 1061 1076 1092 1121 1129 1171
46	SHAAUD	167	39	13 433 569 579 737
47	SHAAUD	297	9	13 92 111 193 301 433 489 490 703 714 731 737 847 881 928 973 1031 1131 1136
48	SHA410	122	17	56 77 182 455 528 622 762 769 853 859 860 868 1041 1157
49	STOAUD	68	25	13 92 193 301 433 489 490 714 731 847 859 881 928 1131 1136
50	SHAAUD	122	18	16 300 659 902 1078 1146 1154
51	SHA410	77	31	14 49 150 396 451 498 675 744 786 898 955 996
52	HLS105	21	21	15 896
53	SHAAUD	330	26	15 572 854
54	ESTW307	36	33	16 237 315 438 450 643 664 792 860 982 1055 1094 1140
55	ESTW307	85	22	17 592 704 722
56	ESTW307	48	50	166 380 486 591 807 836
57	ESTW307	48	17	17 260 270 288 411 416 426 492 493 496 507 696 728 813 896 1127 1153
58	SHA410	72	4	20 28 55 119 190 211 260 285 383 432 490 509 535 570 637 816 825 887 917 921 942 1008 1035 1091
59	SHA410	43	27	17 18 54 92 100 154 158 162 237 270 293 374 385 532 749 805 1040 1042 1043 1065 1083 1105 1107 1153
60	STOAUD	292	44	18 23 24 80 96 99 100 110 114 125 137 167 177 195 236 262 263 284 339 362 402 424 445 471 484 507 538 580 585 593 628 637 651 669 804 825 826 830 879 926 927 937 974 1011 1027 1070 1083 1091 1134 1152 1166
61	STOAUD	119	2	50 103 218 406 418 422 459 472 478 519 586 620 768 830 923 1005 1012 1016 1033 1043 1063 1068 1089 1109 1135 1143 1144 1176
62	STOAUD	31	32	18 23 24 55 72 80 96 99 110 114 119 125 137 152 167 177 193 195 205 222 230 259 260 262 263 284 298 299 309 339 343 370 374 388 392 393 402 404 424 445 471 484 489 490 507 509 530 538 555 580 583 597 613 628 637 642 651 669 677 689 710 721 746 804 821 825 826 830 871 877 879 884 887 921 932 937 974 1011 1027 1069 1091 1111 1123 1134 1152 1166
63	STOAUD	296	3	20 47 129 251 252 501 633 647 724 874 1064
64	STOAUD	41	45	122 135 151 479 688 745 910 1139
65	SHAAUD	239	35	21 139 143 346 391 443 456 591 677 747
66	ESTW307	300	8	21 128 176 249 330 348 451 498 670 993 996
67	ESTW307	88	23	21 166 643 658 704
68	SHA410	151	41	22 66 67 78 297 483 633 728 735 737 881 896 905 1043 1104 1136 1150 1183
69	SHA410	293	42	23 69 361 683 744 985 1011 1084 1145 1174
70	SHAAUD	43	34	402 643 792 943
71	ESTW307	202	43	855
72	HLS105	133	5	25 34 158 288 466 471 481 503 588 651 713 743 747 775 834 957 1021 1080 1094 1118 1156 1170
73	SHA410	257	28	25 52 60 70 84 112 179 312 322 368 469 529 535 605 617 662 686 688 714 744 831 876 979 1103
74	SHAAUD	227	11	100 119 311 323 442 560 730 1062
75	STOAUD	143	31	27 375 616 780 1003 1150
76	SHA410	118	46	241 309 719 749 800 964 1018
77	ESTW307	196	45	27 211 283 848 903 925 1135 1169
78	SHA410	196	29	28 188 197 202 273 537 546 795 827 868 961 1060 1073
79	ESTW307	76	35	28 39 56 104 162 385 439 461 601 606 699 708 807 820 839 902 933 938 970 1060
80	SHAAUD	245	20	76 144 176 216 249 262 263 275 330 511 550 826 1024 1026 1161
81	SHAAUD	182	43	29 1179
82	SHAAUD	195	15	29 64 171 202 223 311 379 417 549 623 627 748 775 789 822 940 951 1050 1099 1148
83	HLS105	95	15	186 446 790
84	STOAUD	329	17	30 368 437 550 641 791 832 1068 1163
85	ESTW307	132	39	31 404 437 697 811 838 886 1091 1117
86	SHA410	43	26	220 223 438 735
87	HLS105	112	16	33 105 210 546 574 733 825 993 1009
88	ESTW307	232	27	33 58 83 85 105 120 142 149 171 264 267 303 350 365 366 373 384 477 526 630 674 730 733 756 789 870 897 910 911 916 971 1029 1041 1087
89	SHA410	212	9	36 101 126 300 304 306 419 421 516 559 617 632 820 991 1040 1057 1086 1138 1171
90	SHAAUD	259	53	37 112 272 330 369 436 501 576 688 771 781 993
91	SHAAUD	166	56	51 67 95 101 138 148 153 158 180 189 232 236 256 307 328 353 381 411 464 470 493 505 528 532 558 561 633 660 707 756 774 795 797 863 924 980 991 1039 1072 1083 1086 1108 1121 1129 1138 1171
92	SHA410	304	40	37 772 849 1099 1111
93	STOAUD	245	53	84 131 133 149 155 190 206 212 223 255 354 399 530 579 590 638 650 702 726 818 829 921 989 1041 1057 1105
94	ESTW307	97	26	38 54 138 280 466 548 588 626 725 726 768 864 895 908 928 945 1151
95	SHAAUD	189	2	39 104 114 189 346 477 486 528 559 673 703 722 739 770 798 806 807 813 970 1017 1032 1099 1111 1173 1174 1182
96	SHA410	276	3	40 52 55 58 62 83 113 131 179 191 243 291 334 343 360 365 424 430 459 498 539 667 799 819 910 911 959 1013 1032 1072 1141 1185
97	SHA410	97	10	41 53 88 140 203 287 342 430 479 595 665 670 680 786 843 886 967 1024 1053 1062 1179
98	STOAUD	157	10	265 570 880
99	SHAAUD	71	3	41 192 216 272 544 623 920 1049 1051
100	ESTW307	7	19	42 237 279 341 382 475 480 521 640 803 809 990 1090
101	SHAAUD	282	51	42 91 148 153 169 175 279 464 508 648 660 720 894 1001 1067 1128
102	SHAAUD	273	54	42 146 151 271 279 341 346 475 480 514 521 640 803 970 1067 1090 1182
103	SHAAUD	282	52	54 181 185 363 453 659 872 884 966 975 1116 1150 1184
104	SHA410	76	50	43 44 163 204 206 240 364 365 371 377 405 408 429 443 542 544 606 623 653 658 699 740 758 783 854 880 891 1023 1044 1046 1049 1058 1114 1127 1162
105	SHA410	318	21	45 46 146 164 230 248 261 293 305 332 340 355 362 395 444 460 491 500 531 551 573 593 600 652 673 687 693 734 742 757 764 779 837 871 883 887 893 918 923 968 977 988 1010 1032 1090 1160 1166
106	STOAUD		7	45 50 106 164 196 208 235 261 283 293 439 444 491 519 575 589 600 620 636 671 673 692 698 834 977 985 1007 1032 1033 1109 1143 1172 1174
107	STOAUD	325	9	45 159 164 250 305 463 531 636 837 1110 1123 1172
108	STOAUD	159	34	46 106 159 164 230 250 332 343 355 410 491 551 600 601 645 664 671 672 697 741 810 821 841 883 893 949 988 998 1000 1054 1110 1140 1160
109	SHA410	107	23	46 250 305 395 531 601 741 764 810 821 836 837 841 883 1110 1123
110	STOAUD		19	221 346 384 582 688 910 924
111	STOAUD	300	43	81 207 227 269 299 350 415 639 642 684 790 844 1021 1065
112	SHA410	174	24	50 63 143 195 208 259 388 399 472 496 556 570 589 614 619 696 718 768 923 958 968 983 1071 1111 1145 1164
113	STOAUD	179	37	48 123 211 487 954 976 997
114	SHAAUD	2	50	49 84 113 116 198 238 254 272 322 537 574 629 683 727 736 778 944 946 961 1015 1048 1094 1113 1152 1181
115	SHA410	215	56	90 267 289 315 421 624
116	SHAAUD	233	41	53 106 203 269 282 311 394 555 730 1174
117	ESTW307	18	3	190 205 259 376 377 429 432 487 650 652 670 694 769 832 921 985 1088 1113 1163
118	SHA410	201	33	123 245 387 477 567 651 665 675 691 757 777 917 1036 1051 1081 1095 1124 1178
119	SHA410	15	1	94 346 785
120	SHAAUD	317	27	57 88 152 168 218 310 388 709 799 824 956 1158
121	SHA410	169	14	407 681 1096
122	SHA410	108	12	59 194 320 417 452 902 1148 1154
123	ESTW307	241	32	359 549 568 659 838 1139
124	SHAAUD	317	17	61 187 189 256 353 402 558 559 685 703 833 928 980 1129
125	SHA410	194	38	61
126	SHAAUD	251	4	62 86 89 123 145 246 275 294 320 389 540 615 655 661 681 695 742 788 815 852 900 1034 1056 1109 1112 1159 1180
127	ESTW307	290	49	173 349 389 390 815 900 976 1056 1126
128	STOAUD	171	42	89 132 143 214 228 276 310 485 540 676 742 827 839 1034
129	SHA410	124	47	62 145 246 361 412 661 681 1021 1098
130	SHA410	267	48	88 120 125 140 219 284 349 350 367 506 654 676 708 873 958 976 1098 1172
131	SHAAUD	82	19	63 570 723
132	SHAAUD	239	21	83 266 302 465 482 548 562 564 648 805 978 998
133	HLS105	165	17	64
134	ESTW307	62	21	65 66 162 192 199 212 225 399 441 510 625 675 678 725 749 771 792 954 987 1066
135	HLS105	46	13	66 68 124 240 328 386 387 415 423 717 989 1044 1046 1165
136	SHAAUD	329	44	78 89 142 143 201 218 310 337 371 486 508 513 604 610 644 746 755 807 870 925 1120
137	SHA410	67	15	69 79 348 435 494 744 1036 1047
138	STOAUD	195	49	91 107 108 152 196 393 418 484 490 499 530 533 538 572 666 763 773 800 864 877 879 887 908 909 915 971 987 997 1047 1093 1127 1156
139	SHA410	248	35	71 183 645 741 1000 1059
140	STOAUD	159	47	71 106 230 343 491 601 671 709 741 742 798 810 841 953 977 1059
141	ESTW307	8	41	247 522 567 913 1140 1144
142	SHAAUD	50	23	71 148 248 332 340 355 367 410 506 551 645 664 672 697 709 893 998 1000 1054 1059 1140 1160
143	ESTW307	137	31	72 207 598 600 669 698 718 889 906 1008 1018
144	SHA410	160	2	485 743 890
145	SHA410	1	39	74 79 150 163 494 517
146	SHA410	21	51	242 603 835
147	ESTW307	71	15	74 242 603 646 720
148	ESTW307	316	14	74 631
149	HLS105	71	9	75 780 802
150	ESTW307	196	34	76 121 153 191 324 436 456 501 573 576 669 675 754 758 771 854 1079
151	ESTW307	38	25	91 108 113 137 157 198 241 379 395 418 522 532 565 710 712 749 810 832 833 884 929 983 1011 1068 1102 1164
152	STOAUD	87	58	77 533 620 763 983
153	ESTW307	179	10	78 385 407 416
154	SHAAUD	99	30	79 107 217 275 350 517 549 665 791 878 964 1049
155	SHA410	232	52	82 183 231 292 307 319 505 797 995 1038 1085
156	STOAUD	56	36	83 156 266 344 476 497 545 556 624 632 674 761 784 903 917 1181
157	SHAAUD	23	45	
158	SHA410	239	58	87 183 187 189 231 281 292 307 319 528 577 707 797 859 889 932 995 1038 1083 1085
159	ESTW307	297	37	90 180 299 559 577 586 685 756 863 1138
160	SHAAUD	251	32	93 102 347 435 666 1144 1176
161	SHA410	87	32	327 459 994 1135
162	ESTW307	54	56	135
163	HLS105	105	4	292 414 433 874 906 934 1099 1155
164	HLS105	269	7	95 101 1050
165	SHA410	323	53	95 126 151 153 169 306 411 475 480 508 514 521 552 648 660 894 1001 1025 1086 1118
166	SHA410	224	55	97 171 319 1179
167	STOAUD	68	12	119 207 311 356 866
168	ESTW307	29	48	98 165 182 213 232 235 366 372 430 502 504 598 663 1088
169	ESTW307	18	4	99 128 194 298 835 892 1098
170	SHA410	228	5	102 113 321 376 379 383 478 666 712 768 858 909 923 1089 1145
171	ESTW307	54	53	102 548 556 572 1149
172	STOAUD	248	20	298 680 896
173	HLS108	90	58	103 118 200 269 448 732 739 780 802 867 1003
174	SHA410	85	13	104 108 234 274 295 374 391 410 497 510 516 589 615 666 753 779 781 812 911 922 1081
175	SHAAUD	133	33	109 130 268 309 468 492 613 658 766 774 783 833 905 951 1104
176	SHAAUD	74	58	112 134 168 291 751 799 890 959 1014 1072
177	SHAAUD	323	16	112 266 290 333 485 743 856 955 986 1071
178	ESTW307	182	40	115 147 159 196 208 261 283 395 439 477 518 519 589 664 668 692 697 698 742 836 883 985 1005 1033 1045 1174
179	SHA410	225	20	117 358 595 657 677 865 903 935 1115
180	STOAUD	145	23	118
181	SHA410	196	19	118 283 739 903 925 943 952 1169
182	ESTW307	196	28	118 317 375 616 739 780 802 1003 1150
183	SHA410	118	45	124 224 425 453 492 590 754 966 1017 1039 1177
184	STOAUD	83	55	124 274 316 360 408 459 525 627 653 663 672 676 781 817 828 853
185	ESTW307	185	58	539 641 769 860 888 967 982 1102
186	SHAAUD	98	29	333 342 526 547 560 936 941
187	STOAUD	230	13	129 225 334 534 835 907 1073
188	SHAAUD	170	55	130 221 253 258 328 348 392 546 553 759 768 898 929 1002 1076 1078
189	SHAAUD	241	57	130 235 245 260 444 487 511 519 747 828 954 966 1013 1027 1046
190	SHAAUD	160	12	132 136 540 654 878 994 1096
191	SHAAUD	110	40	132 437 822 936 986
192	SHA410	187	18	563 751
193	HLS105	311	11	133 165 188 209 272 282 436 502 702 713 823 978
194	ESTW307	127	29	135 221 976
195	STOAUD	189	28	890
196	ESTW307	17	6	186 565 655 857 1159 1180
197	HLS105	218	12	141 222 1071
198	SHA410	170	54	142 218 347 1063
199	SHA410	27	34	144 215 336 403 468 888 894 1170
200	SHA410	127	57	146 147 395 431 460 518 539 543 575 673 698 709 798 834 883 918 934 977 985 1007 1016 1032 1033 1045 1143
201	ESTW307	192	12	147 245 247 406 410 431 477 518 522 539 543 567 779 798 816 913 918 934 953 1005 1012 1016 1045 1074 1117 1144 1176
202	STOAUD	296	41	150 161 446 451 996 1019 1053 1082
203	STOAUD	281	22	
204	SHA410	36	7	209 355 404 406 466 506 513 708 772 791 832 838 888 953 1053 1117 1135 1159
205	ESTW307	78	18	418 422 533 666 773 800 909 997 1068
206	ESTW307	248	11	159
207	ESTW307	199	9	160 345 667 763 817 852 873 963 1014 1038
208	HLS105	180	6	160 619 946 962
209	HLS105	54	10	167 790 984
210	ESTW307	132	42	201 677 705 772 1029 1163
211	ESTW307	151	20	172 329
212	HLS109	112	58	175 234 464 470 515 703 1061
213	ESTW307	205	13	175 256 464 552 553 577 703 915 1061
214	SHAAUD	304	14	334 822
215	ESTW307	104	1	178 435 462 525 634 646 663 1068
216	ESTW307	73	38	375 420 439 658 789 857 882 902 907 964 984 1044
217	SHA410	19	44	186
218	SHA410	294	16	187 256 426 577 833
219	ESTW307	207	47	189 281 292 319 474 505 528 707 889 932 1085
220	SHAAUD	39	49	461 463 952
221	SHA410	14	37	197 229 273 414 495 517 723 876 885 1104 1125
222	ESTW307	113	7	197 337 465 592 715 732 755 808 844 897 1051 1147
223	STOAUD	320	57	238 240 374 561 654 785 835 856 958 1102 1182
224	SHAAUD	323	37	264 281 361 390 514 569 608 620 634 788 849 862 932 1154
225	SHAAUD	61	36	215 283 425 483 536 554 590 635 650 723 740 762 829 851 880 894 999 1037 1063
226	STOAUD	146	33	217 743 793 940
227	SHA410	17	11	253 349 392 627 639 983
228	ESTW307	237	24	271 295 367 390 446 557 849 855 922 1052 1149
229	SHAAUD	238	25	893 949
230	SHAAUD	199	22	
231	CHSAUD	192	58	237 915
232	HLS105	282	20	244 417 1130
233	HLS105	320	22	501 545 705 752 1078
234	ESTW307	189	54	255 454 536 722 767 777 1157
235	HLS105	254	1	297 324 537 594 618 656 728 738 755 929 1025
236	SHAAUD	61	24	264 568 628 684 701 717 857 916
237	STOAUD	228	38	275 641 788 967
238	ESTW307	101	44	278 287 869 952 1151 1167
239	HLS105	239	3	285 385 622 679 693 700 776 912 1093 1175
240	SHAAUD	28	38	289 812 1019
241	SHA410	11	8	294 352 545 665 711 788 988 1097 1146
242	SHA410	153	49	313 422 770 869 967
243	SHAAUD	292	13	315 682 1169
244	ESTW307	166	2	607 796
245	ESTW309	180	58	318 328 474 553 881 898 1154
246	ESTW307	237	51	
247	HLS105	292	58	326 415 636 1122
248	ESTW307	14	36	349 778 1151 1167
249	ESTW307	146	5	384 616 1172
250	ESTW307	19	52	452 711 982 1169
251	HLS105	241	14	483 509 563 855 933 937 962 1027 1155
252	SHA410	75	36	557 874 926 1177
253	SHAAUD	174	46	568 794
254	HLS105	90	2	583
255	ESTW307	311	55	643 715
256	HLS105	320	18	947
257	HLS105	186	23	681 732 1180
258	ESTW307	68	30	748 922 1075
259	HLS105	30	8	780 984
260	HLS105	196	19	53 186 195 303 331 371 450 625 642 674 679 721 734 787 939 1007 1028 1030 1059 1102
